conv1.weight: tensor([[[ 0.0901,  0.0978, -0.0276],
         [ 0.1083, -0.0258,  0.0238],
         [-0.0574,  0.0692,  0.1039],
         ...,
         [-0.0406,  0.0361, -0.0246],
         [ 0.0977, -0.0699, -0.0703],
         [-0.0703,  0.1060,  0.0393]],

        [[ 0.1134, -0.0973, -0.1169],
         [-0.0922, -0.0793,  0.0477],
         [ 0.0422,  0.0979, -0.0609],
         ...,
         [-0.0452, -0.0978, -0.1172],
         [ 0.0337, -0.0257,  0.0459],
         [-0.0967,  0.0875, -0.0865]],

        [[-0.0203,  0.0246,  0.0608],
         [ 0.0951,  0.1074, -0.0934],
         [ 0.0297, -0.0507, -0.0129],
         ...,
         [-0.1056, -0.0384,  0.0398],
         [ 0.0751,  0.0544, -0.1042],
         [-0.0709, -0.0186,  0.1140]],

        ...,

        [[-0.0612,  0.0476,  0.0200],
         [-0.0377, -0.0916, -0.0371],
         [-0.0497, -0.0384, -0.1063],
         ...,
         [-0.1109,  0.0541, -0.0535],
         [-0.0611,  0.0282, -0.0615],
         [-0.0545, -0.0397, -0.0443]],

        [[-0.0492, -0.0318,  0.0306],
         [-0.0954, -0.0713,  0.0017],
         [ 0.0164,  0.0651, -0.0828],
         ...,
         [ 0.0737,  0.0023,  0.0542],
         [-0.0422,  0.0513, -0.0379],
         [-0.0020, -0.1026, -0.0308]],

        [[-0.0620, -0.0398, -0.0753],
         [-0.1060,  0.0077,  0.0765],
         [ 0.1073,  0.0688, -0.0611],
         ...,
         [-0.0988,  0.0035, -0.0524],
         [-0.0579, -0.1079,  0.0625],
         [ 0.0227, -0.0996,  0.0935]]])conv1.bias: tensor([ 0.0355,  0.0219, -0.0692,  0.0178,  0.1136,  0.0808, -0.0918,  0.1076,
         0.0091,  0.0567,  0.0915,  0.1005, -0.0919,  0.1032, -0.0800,  0.0088])t_conv2.weight: tensor([[[-1.0086e-01, -3.1644e-02],
         [-6.5591e-03, -1.7268e-02],
         [-2.2802e-02,  1.1384e-02],
         [ 1.4238e-01,  8.3862e-02],
         [ 8.0753e-02,  5.7771e-02],
         [ 1.1174e-01, -6.6610e-03],
         [ 1.1477e-02,  2.9704e-02],
         [-1.2588e-01, -1.1627e-01],
         [ 1.7696e-02, -5.6472e-02],
         [-2.6486e-03, -3.3120e-02],
         [ 2.2468e-02,  9.3908e-02],
         [-4.7868e-02,  1.1559e-01],
         [ 1.1396e-01, -1.1078e-01],
         [-1.1146e-01, -1.1678e-01],
         [-7.9100e-02, -5.6187e-02],
         [-1.0864e-02, -3.5102e-02],
         [-7.2926e-02, -4.5855e-02],
         [-5.2213e-02,  1.4160e-01],
         [-5.3496e-02, -1.0335e-01],
         [ 6.0001e-02, -8.3372e-03],
         [ 1.1050e-01,  9.0187e-02],
         [ 1.3261e-01, -1.0571e-01],
         [ 9.2789e-02,  1.2113e-01],
         [-7.1278e-02,  1.3267e-01]],

        [[ 1.0820e-01,  1.5807e-03],
         [ 6.9593e-02, -5.0464e-02],
         [-1.2589e-01,  3.6486e-02],
         [ 4.3031e-02, -9.4333e-02],
         [ 7.0004e-02, -1.2330e-01],
         [ 1.2422e-01,  1.3978e-01],
         [ 3.9297e-02, -9.0562e-02],
         [ 7.0245e-02,  2.4597e-02],
         [ 3.9248e-02,  4.7437e-02],
         [ 1.0989e-01, -6.2041e-02],
         [-3.2468e-02,  3.9362e-02],
         [ 1.5727e-02,  1.1639e-01],
         [-7.5812e-02, -5.2563e-03],
         [ 2.6970e-02, -3.8334e-02],
         [ 9.8397e-02,  1.5788e-02],
         [-1.3340e-01, -1.5637e-02],
         [-6.5465e-02,  1.4025e-02],
         [-1.6774e-02, -1.4317e-01],
         [-2.6302e-02, -1.3825e-02],
         [-4.2562e-02,  1.3261e-01],
         [-3.1494e-02,  9.2725e-02],
         [ 3.5755e-02, -1.2184e-01],
         [ 3.3917e-02,  1.1962e-01],
         [-9.4411e-02, -9.3296e-02]],

        [[ 1.4128e-01,  1.1598e-01],
         [-8.0525e-02,  8.6854e-02],
         [-1.8465e-02, -1.4231e-01],
         [ 1.0845e-02,  4.6635e-02],
         [-4.3296e-02,  5.0213e-02],
         [-1.2342e-01,  1.0003e-01],
         [ 1.2305e-01,  7.9597e-02],
         [ 2.4464e-02,  4.7537e-02],
         [-1.0444e-01, -3.6066e-02],
         [-1.3780e-02, -8.0322e-02],
         [-1.0661e-01,  9.7084e-02],
         [ 9.7954e-02, -1.3109e-01],
         [ 4.5930e-02,  5.8717e-02],
         [ 1.3712e-01,  8.3507e-02],
         [ 1.3269e-01, -4.7255e-02],
         [ 1.0109e-01,  1.1740e-01],
         [-1.3630e-01, -1.1586e-01],
         [ 2.9215e-02,  7.8814e-02],
         [-7.1709e-02,  1.5897e-02],
         [-2.0954e-04,  3.6533e-02],
         [-7.7560e-02,  8.1412e-02],
         [ 9.5986e-02, -1.0015e-01],
         [ 1.3983e-03,  4.0048e-04],
         [ 4.6349e-02,  1.3446e-01]],

        [[ 4.2329e-02, -3.2797e-02],
         [ 1.2963e-01, -5.4925e-02],
         [-4.1912e-02,  9.8547e-03],
         [-1.0991e-01,  1.5706e-02],
         [-9.7930e-02,  1.4841e-02],
         [ 1.3829e-02,  1.9979e-02],
         [-1.2172e-01, -1.3709e-01],
         [ 6.6412e-02,  1.2378e-01],
         [-1.2808e-01,  5.3462e-02],
         [-1.0625e-01,  9.0487e-03],
         [ 1.3429e-01,  1.0950e-01],
         [-1.0553e-01,  8.9283e-02],
         [ 7.5390e-02, -2.2139e-04],
         [ 1.3982e-01, -5.7327e-02],
         [-3.3590e-02, -7.2950e-02],
         [ 2.0770e-02,  3.8219e-02],
         [ 1.1501e-02, -8.1210e-02],
         [-6.4976e-02,  4.9097e-02],
         [-1.2656e-01, -2.2478e-02],
         [-3.1973e-03, -5.8480e-02],
         [ 5.2527e-02,  9.3031e-03],
         [ 1.0133e-01, -1.2819e-02],
         [-9.1097e-02,  1.0198e-01],
         [ 2.0157e-02, -4.1338e-02]],

        [[-9.5133e-02,  3.3831e-02],
         [-1.3766e-01,  3.8015e-02],
         [ 7.1367e-02, -1.2661e-01],
         [-9.4494e-02, -1.0377e-01],
         [ 1.2132e-01,  1.2270e-01],
         [ 9.0357e-03,  1.3550e-01],
         [-4.8253e-02, -1.4013e-01],
         [ 5.0416e-02,  5.1134e-02],
         [ 1.4151e-01, -4.1777e-05],
         [ 1.1062e-01,  8.8474e-02],
         [ 1.0447e-01, -1.4323e-01],
         [ 1.1886e-01, -1.2304e-01],
         [ 1.2940e-01, -5.9814e-03],
         [-1.2791e-01,  4.0139e-02],
         [-2.9379e-02, -1.2964e-01],
         [-5.2328e-02,  1.4882e-02],
         [ 1.1242e-01, -4.4374e-02],
         [ 8.5732e-02,  1.8075e-02],
         [ 4.8653e-03,  2.7618e-02],
         [-9.4724e-02, -1.1997e-01],
         [-4.5353e-02, -1.3450e-01],
         [-6.7312e-02,  6.6404e-03],
         [-9.5062e-02, -5.9871e-02],
         [-2.5936e-02, -1.6628e-02]],

        [[-7.9676e-02,  6.9356e-03],
         [-2.0259e-02,  4.1280e-02],
         [ 6.5194e-03, -7.2078e-02],
         [-4.9693e-02, -1.6636e-03],
         [-9.0065e-02,  1.1299e-02],
         [-1.0191e-02,  5.6000e-02],
         [ 3.4160e-02,  1.0802e-01],
         [-4.7581e-03, -1.0665e-01],
         [ 6.4520e-02, -9.7549e-02],
         [-1.9840e-02, -4.6737e-02],
         [-5.4768e-02, -5.3403e-02],
         [ 1.3263e-01,  8.2627e-02],
         [ 4.0001e-02,  1.3553e-01],
         [-1.3080e-01,  2.3291e-02],
         [ 9.2402e-02,  9.5882e-02],
         [-1.1487e-01,  5.1368e-02],
         [-8.2227e-02, -5.6398e-03],
         [-3.0119e-02, -1.2052e-01],
         [-1.3769e-01, -9.4959e-02],
         [ 6.5496e-02,  6.6025e-02],
         [-1.2554e-01, -5.4205e-02],
         [ 2.3577e-03, -1.2479e-01],
         [ 8.1328e-02,  1.3073e-01],
         [ 2.5528e-02, -1.0724e-01]],

        [[ 3.3658e-02,  5.2397e-02],
         [ 1.1429e-01, -7.6798e-02],
         [-1.2931e-01,  6.3415e-02],
         [ 8.9859e-03, -4.7029e-02],
         [-6.0481e-02, -7.4423e-02],
         [ 1.1684e-01, -2.4904e-02],
         [ 1.0410e-01,  1.2884e-01],
         [ 1.8284e-02,  3.0746e-02],
         [-9.8301e-03,  9.9133e-02],
         [-1.3006e-01,  5.7401e-02],
         [-2.3517e-02,  6.5907e-02],
         [-6.4288e-04, -5.3443e-02],
         [-1.5581e-02,  7.7941e-02],
         [-1.0025e-01, -9.1236e-02],
         [-3.2331e-02, -5.2355e-02],
         [ 5.6701e-02,  9.7135e-02],
         [-1.5458e-02,  1.3648e-01],
         [-6.0307e-02, -8.0996e-02],
         [-6.4619e-02, -9.9445e-02],
         [-1.0117e-01, -1.2861e-01],
         [-1.2792e-01,  3.7672e-02],
         [ 8.8025e-02,  1.3551e-01],
         [ 1.2295e-01, -8.3129e-03],
         [ 2.8008e-02, -8.6360e-02]],

        [[ 5.5790e-02, -1.3840e-01],
         [ 6.8080e-02,  2.6474e-02],
         [ 4.4356e-02,  5.2849e-02],
         [-6.6266e-02,  1.2386e-01],
         [ 6.8885e-02,  9.4815e-02],
         [ 1.9064e-02,  9.0642e-02],
         [ 9.7139e-02,  6.5419e-02],
         [ 1.0995e-01, -2.6180e-02],
         [ 9.4907e-02,  3.3255e-02],
         [ 8.6847e-02,  1.4058e-01],
         [ 3.2683e-02, -5.3573e-02],
         [-1.4361e-02,  4.0635e-02],
         [ 2.4337e-02, -3.9429e-02],
         [ 1.1309e-01,  8.6719e-02],
         [-8.9656e-02, -1.1761e-02],
         [-1.3856e-02, -9.0461e-02],
         [ 2.1052e-02, -4.4311e-02],
         [-7.4516e-02, -4.6411e-02],
         [-5.1463e-02,  1.3808e-01],
         [ 5.5364e-02,  1.4204e-01],
         [ 3.9577e-02,  3.2683e-02],
         [ 5.9336e-02,  2.4773e-02],
         [-1.1327e-01, -8.5355e-02],
         [-3.4970e-02,  2.1699e-03]],

        [[ 5.4374e-02,  5.5577e-02],
         [ 1.1450e-01,  2.9383e-02],
         [-4.9261e-02, -1.0855e-01],
         [-1.0571e-01, -8.6218e-02],
         [ 4.3533e-02,  7.7982e-02],
         [ 1.2628e-01, -4.5656e-02],
         [-1.1386e-02, -4.2863e-02],
         [-5.2741e-04,  4.6333e-02],
         [-3.1713e-03,  6.6821e-03],
         [ 1.8286e-02,  5.3754e-02],
         [-4.3792e-02, -8.6068e-02],
         [ 3.4053e-02, -1.7090e-02],
         [-6.5389e-02,  6.0616e-02],
         [ 1.3090e-03, -2.0996e-02],
         [-6.9871e-02, -1.8990e-02],
         [-1.2273e-01,  3.2835e-02],
         [ 2.1660e-03,  8.7589e-02],
         [ 9.3199e-03,  1.1540e-02],
         [ 3.9319e-02,  1.0983e-01],
         [-6.8208e-02,  8.6170e-02],
         [ 3.5299e-02, -9.6290e-02],
         [ 5.0256e-02, -8.6564e-02],
         [-4.5435e-02, -6.8801e-02],
         [-9.8195e-02,  1.1368e-01]],

        [[-1.2901e-01,  7.2171e-02],
         [-1.2991e-01, -1.7567e-02],
         [ 8.6086e-03,  1.0261e-01],
         [-5.2235e-02,  4.1544e-02],
         [ 2.2359e-02,  8.4926e-02],
         [ 8.5811e-03,  5.4046e-02],
         [-8.7193e-02, -1.0030e-01],
         [ 1.2862e-01, -1.0517e-01],
         [-2.4572e-02, -1.7448e-02],
         [ 1.4114e-01, -3.1193e-02],
         [-1.0988e-01, -3.6589e-02],
         [ 7.4452e-02,  5.7200e-02],
         [ 1.1941e-01, -2.9548e-02],
         [ 6.7990e-02, -1.3583e-01],
         [ 5.5850e-02,  6.6318e-02],
         [ 9.3110e-02, -8.2769e-02],
         [-3.8535e-02,  3.4920e-02],
         [-1.0257e-01, -1.1482e-01],
         [-1.3886e-01,  8.0573e-03],
         [ 8.9632e-02,  3.7075e-02],
         [ 8.7995e-03,  5.0291e-02],
         [-9.0702e-02,  1.5217e-02],
         [-3.5857e-02, -7.1468e-02],
         [ 1.2447e-01, -1.1167e-01]],

        [[ 2.1152e-02, -1.2683e-01],
         [-4.8969e-03, -6.4138e-02],
         [ 4.7508e-02, -8.1051e-02],
         [ 9.2382e-02, -1.1713e-01],
         [ 8.6694e-02, -1.0842e-01],
         [ 7.7305e-02, -6.0776e-02],
         [-3.3625e-04, -2.6342e-02],
         [ 9.3679e-02,  4.7303e-02],
         [-1.2719e-01,  1.3270e-02],
         [-9.9573e-02,  1.0790e-01],
         [ 2.3715e-02, -3.7121e-02],
         [-7.3637e-02,  4.9959e-02],
         [-8.6443e-02,  6.8454e-02],
         [ 7.8761e-02,  8.8595e-02],
         [ 3.7706e-02, -1.2635e-01],
         [ 1.0382e-01, -4.4777e-02],
         [-4.2671e-02, -1.5507e-02],
         [ 1.0553e-01,  1.1098e-01],
         [ 2.2287e-02,  6.8871e-02],
         [-1.3452e-01,  3.4096e-04],
         [-1.2769e-01,  4.9125e-02],
         [-1.0283e-01, -5.1443e-02],
         [ 1.0090e-01,  1.3794e-01],
         [-8.6657e-02, -8.0109e-02]],

        [[ 1.7876e-02,  5.6740e-02],
         [-2.3509e-02, -4.5075e-02],
         [-9.4807e-02,  6.1614e-02],
         [ 1.4142e-01, -6.9871e-02],
         [ 6.8079e-02,  7.0494e-02],
         [ 1.1602e-01, -1.6433e-02],
         [ 4.5463e-03,  1.0604e-01],
         [ 9.1238e-02,  1.4256e-01],
         [-4.1363e-02,  5.7112e-02],
         [ 1.0079e-01, -9.7979e-02],
         [ 2.8674e-02, -3.2296e-02],
         [ 9.2784e-02, -6.4826e-02],
         [ 1.0124e-02,  8.6359e-02],
         [-1.3223e-01, -1.2187e-01],
         [-7.3927e-02,  9.2581e-02],
         [ 9.6782e-02, -9.8578e-02],
         [ 2.7523e-02, -7.6482e-02],
         [-6.6995e-02,  1.2448e-01],
         [ 6.9716e-02, -3.9474e-02],
         [ 2.1247e-02,  2.7966e-02],
         [ 3.3810e-02, -4.9404e-02],
         [-8.4998e-02,  9.5561e-02],
         [ 1.9395e-02,  6.0412e-02],
         [-5.4665e-02,  6.9913e-02]],

        [[ 1.0504e-01,  8.7782e-02],
         [ 3.9245e-02,  1.4201e-01],
         [-3.1567e-04,  3.0729e-02],
         [ 1.3714e-01,  1.4028e-01],
         [-6.0942e-02,  1.3002e-01],
         [ 5.3269e-02, -1.6157e-02],
         [ 1.2603e-01, -7.4771e-02],
         [ 9.3783e-02,  1.4303e-01],
         [-9.9550e-02, -8.5173e-02],
         [-1.4303e-01, -2.5975e-02],
         [-1.3109e-01, -4.8342e-02],
         [ 4.3820e-02,  1.0203e-01],
         [ 8.0401e-02,  8.0119e-02],
         [ 5.9880e-02, -8.9523e-02],
         [-1.1460e-01,  5.9833e-03],
         [ 1.3706e-01,  8.1270e-03],
         [-1.2414e-02, -9.7967e-02],
         [-7.1568e-02, -1.1126e-01],
         [ 1.1557e-01, -2.3517e-02],
         [-1.2751e-01,  1.5484e-02],
         [ 1.0474e-02, -1.7833e-02],
         [ 5.1668e-02,  7.7622e-02],
         [-1.3574e-01, -1.1058e-01],
         [-6.9340e-03, -1.3382e-01]],

        [[-1.3111e-01,  1.2744e-01],
         [-1.0978e-02, -7.1359e-02],
         [-4.9510e-02, -1.1269e-01],
         [ 1.1264e-01, -3.1298e-02],
         [-8.1152e-02, -1.0947e-01],
         [ 8.4364e-02, -1.9952e-02],
         [-1.5164e-02, -3.7619e-02],
         [-6.9675e-02,  2.5676e-02],
         [ 1.1105e-01, -8.3655e-02],
         [ 6.9156e-03, -1.0977e-01],
         [-6.7679e-02,  1.2670e-01],
         [ 1.5134e-03,  1.3904e-01],
         [-2.5289e-02, -7.8670e-02],
         [-8.6240e-02,  1.2793e-01],
         [-1.1099e-01,  7.5748e-02],
         [ 3.5880e-02,  4.2595e-02],
         [ 8.1441e-02, -3.7762e-02],
         [ 8.9311e-02, -1.1500e-01],
         [-5.0784e-02,  1.0566e-01],
         [ 4.2836e-02, -1.9222e-02],
         [-3.3707e-02, -8.8135e-02],
         [ 8.7770e-02, -4.5900e-03],
         [-4.8835e-03,  3.4135e-02],
         [ 1.0651e-01, -7.3639e-02]],

        [[-4.9709e-02,  9.7808e-02],
         [ 8.1518e-02, -7.1005e-02],
         [-1.4279e-01,  2.6776e-02],
         [ 7.5906e-02,  3.4476e-02],
         [ 1.0238e-01, -1.1453e-01],
         [ 7.2787e-02, -8.9732e-02],
         [ 8.1234e-02,  1.0735e-01],
         [ 4.5714e-02,  1.1678e-01],
         [-9.5140e-02, -1.2909e-01],
         [-1.3878e-01,  9.0620e-02],
         [ 5.0563e-02, -1.0569e-01],
         [ 6.9900e-02,  1.3170e-01],
         [-1.4233e-01,  1.0471e-01],
         [ 2.2137e-02,  1.3426e-02],
         [ 1.2987e-01,  1.3071e-01],
         [ 6.0817e-02,  1.1405e-01],
         [ 6.0048e-02,  2.3519e-02],
         [-1.2687e-01,  2.6960e-02],
         [-1.0269e-01,  4.4437e-02],
         [ 2.5466e-02,  3.2426e-03],
         [-9.8687e-02, -8.7497e-02],
         [ 1.0669e-01,  7.0295e-02],
         [ 7.6101e-02, -4.3009e-02],
         [-2.4854e-02, -3.6990e-02]],

        [[ 9.9260e-02, -6.2309e-02],
         [ 9.0913e-02,  9.9520e-02],
         [-1.3200e-01,  8.8141e-04],
         [-2.7490e-02, -7.9793e-02],
         [ 6.2313e-02, -1.7536e-02],
         [ 1.2637e-01, -9.0341e-02],
         [ 6.7064e-02, -1.2323e-01],
         [-7.2345e-02,  9.8457e-03],
         [ 1.1404e-01,  7.6025e-02],
         [-1.1851e-01,  1.5988e-02],
         [-8.5086e-02,  6.2541e-03],
         [-1.2024e-01, -4.2345e-02],
         [ 9.8996e-02, -1.3243e-01],
         [-1.3761e-01,  2.6290e-02],
         [ 1.9786e-02, -2.6397e-02],
         [ 1.2604e-01, -8.6904e-02],
         [-8.7624e-02, -1.0789e-01],
         [-2.6864e-02, -3.6836e-02],
         [ 8.9308e-02, -8.1044e-03],
         [ 4.6095e-02, -5.9980e-02],
         [ 1.1709e-01,  1.2168e-01],
         [-1.2926e-01, -3.7095e-02],
         [-1.2247e-01,  6.1318e-02],
         [-1.2611e-01, -6.8245e-02]]])t_conv2.bias: tensor([ 0.1442, -0.1378,  0.1065,  0.0122,  0.1154, -0.0732,  0.0948,  0.0174,
         0.0111,  0.0985, -0.1372, -0.1163,  0.1394, -0.0867, -0.1040, -0.0071,
        -0.0462, -0.0197, -0.0967,  0.0521, -0.1242,  0.0117,  0.0842,  0.0277])